defaults:
  - params
  - _self_

task_name: FrankaFlipBagel-v1
num_train_frames_bc: 10000
num_train_frames_vinn: 200
qHome: [-0.195384, 0.283531, -0.294893, -1.90028, 0.727432, 1.73575, -0.0906492]
pitch: 0
roll: 136
x_limit : [-0.3, 0.3]
y_limit : [0.0, 0.7]
z_limit: [0.8, 1.4]
keep_gripper_closed: true